0.001000 1.000000 -0.685157
0.001999 0.999315 -0.686156
0.002998 0.998629 -0.687154
0.003997 0.997942 -0.688151
0.004996 0.997254 -0.689148
0.005995 0.996565 -0.690144
0.006994 0.995875 -0.691139
0.007993 0.995184 -0.692133
0.008992 0.994492 -0.693127
0.009991 0.993799 -0.694120
0.010990 0.993106 -0.695112
0.011989 0.992411 -0.696104
0.012988 0.991715 -0.697095
0.013987 0.991018 -0.698085
0.014986 0.990320 -0.699075
0.015985 0.989621 -0.700063
0.016984 0.988921 -0.701051
0.017983 0.988220 -0.702039
0.018982 0.987518 -0.703025
0.019981 0.986816 -0.704011
0.020980 0.986112 -0.704996
0.021979 0.985407 -0.705980
0.022978 0.984701 -0.706964
0.023977 0.983995 -0.707947
0.024976 0.983287 -0.708929
0.025975 0.982578 -0.709910
0.026974 0.981868 -0.710891
0.027973 0.981158 -0.711871
0.028972 0.980446 -0.712850
0.029971 0.979734 -0.713828
0.030970 0.979020 -0.714805
0.031969 0.978305 -0.715782
0.032968 0.977590 -0.716758
0.033967 0.976873 -0.717733
0.034966 0.976156 -0.718708
0.035965 0.975437 -0.719681
0.036964 0.974718 -0.720654
0.037963 0.973997 -0.721626
0.038962 0.973276 -0.722597
0.039961 0.972554 -0.723568
0.040960 0.971830 -0.724537
0.041959 0.971106 -0.725506
0.042958 0.970381 -0.726474
0.043957 0.969655 -0.727441
0.044956 0.968927 -0.728408
0.045955 0.968199 -0.729373
0.046954 0.967470 -0.730338
0.047953 0.966740 -0.731302
0.048952 0.966009 -0.732265
0.049951 0.965277 -0.733228
0.050950 0.964544 -0.734189
0.051949 0.963810 -0.735150
0.052948 0.963075 -0.736109
0.053947 0.962339 -0.737068
0.054946 0.961602 -0.738027
0.055945 0.960865 -0.738984
0.056944 0.960126 -0.739940
0.057943 0.959386 -0.740896
0.058942 0.958646 -0.741851
0.059941 0.957904 -0.742805
0.060940 0.957161 -0.743758
0.061939 0.956418 -0.744710
0.062938 0.955673 -0.745661
0.063937 0.954928 -0.746612
0.064936 0.954182 -0.747562
0.065935 0.953434 -0.748510
0.066934 0.952686 -0.749458
0.067933 0.951937 -0.750405
0.068932 0.951187 -0.751351
0.069931 0.950436 -0.752297
0.070930 0.949684 -0.753241
0.071929 0.948931 -0.754185
0.072928 0.948177 -0.755127
0.073927 0.947422 -0.756069
0.074926 0.946666 -0.757010
0.075925 0.945910 -0.757950
0.076924 0.945152 -0.758889
0.077923 0.944393 -0.759827
0.078922 0.943634 -0.760764
0.079921 0.942873 -0.761701
0.080920 0.942112 -0.762636
0.081919 0.941350 -0.763571
0.082918 0.940586 -0.764504
0.083917 0.939822 -0.765437
0.084916 0.939057 -0.766369
0.085915 0.938291 -0.767300
0.086914 0.937524 -0.768230
0.087913 0.936756 -0.769159
0.088912 0.935987 -0.770087
0.089911 0.935217 -0.771014
0.090910 0.934447 -0.771940
0.091909 0.933675 -0.772866
0.092908 0.932902 -0.773790
0.093907 0.932129 -0.774714
0.094906 0.931355 -0.775636
0.095905 0.930579 -0.776558
0.096904 0.929803 -0.777478
0.097903 0.929026 -0.778398
0.098902 0.928248 -0.779317
0.099901 0.927469 -0.780235
0.100900 0.926689 -0.781151
0.101899 0.925908 -0.782067
0.102898 0.925126 -0.782982
0.103897 0.924344 -0.783896
0.104896 0.923560 -0.784809
0.105895 0.922776 -0.785721
0.106894 0.921990 -0.786632
0.107893 0.921204 -0.787542
0.108892 0.920417 -0.788451
0.109891 0.919629 -0.789359
0.110890 0.918840 -0.790266
0.111889 0.918050 -0.791173
0.112888 0.917259 -0.792078
0.113887 0.916467 -0.792982
0.114886 0.915674 -0.793885
0.115885 0.914881 -0.794787
0.116884 0.914086 -0.795689
0.117883 0.913291 -0.796589
0.118882 0.912495 -0.797488
0.119881 0.911698 -0.798386
0.120880 0.910900 -0.799283
0.121879 0.910101 -0.800179
0.122878 0.909301 -0.801075
0.123877 0.908500 -0.801969
0.124876 0.907699 -0.802862
0.125875 0.906896 -0.803754
0.126874 0.906093 -0.804645
0.127873 0.905288 -0.805535
0.128872 0.904483 -0.806424
0.129871 0.903677 -0.807313
0.130870 0.902870 -0.808200
0.131869 0.902062 -0.809086
0.132868 0.901254 -0.809971
0.133867 0.900444 -0.810854
0.134866 0.899633 -0.811737
0.135865 0.898822 -0.812619
0.136864 0.898010 -0.813500
0.137863 0.897197 -0.814380
0.138862 0.896383 -0.815259
0.139861 0.895568 -0.816136
0.140860 0.894752 -0.817013
0.141859 0.893936 -0.817889
0.142858 0.893118 -0.818763
0.143857 0.892300 -0.819637
0.144856 0.891480 -0.820509
0.145855 0.890660 -0.821380
0.146854 0.889839 -0.822251
0.147853 0.889017 -0.823120
0.148852 0.888195 -0.823988
0.149851 0.887371 -0.824855
0.150850 0.886547 -0.825721
0.151849 0.885721 -0.826586
0.152848 0.884895 -0.827450
0.153847 0.884068 -0.828313
0.154846 0.883240 -0.829175
0.155845 0.882411 -0.830035
0.156844 0.881582 -0.830895
0.157843 0.880751 -0.831753
0.158842 0.879920 -0.832611
0.159841 0.879088 -0.833467
0.160840 0.878255 -0.834322
0.161839 0.877421 -0.835177
0.162838 0.876586 -0.836030
0.163837 0.875750 -0.836882
0.164836 0.874914 -0.837732
0.165835 0.874076 -0.838582
0.166834 0.873238 -0.839431
0.167833 0.872399 -0.840278
0.168832 0.871559 -0.841125
0.169831 0.870719 -0.841970
0.170830 0.869877 -0.842814
0.171829 0.869035 -0.843657
0.172828 0.868191 -0.844499
0.173827 0.867347 -0.845340
0.174826 0.866503 -0.846180
0.175825 0.865657 -0.847019
0.176824 0.864810 -0.847856
0.177823 0.863963 -0.848692
0.178822 0.863115 -0.849528
0.179821 0.862266 -0.850362
0.180820 0.861416 -0.851195
0.181819 0.860565 -0.852027
0.182818 0.859713 -0.852857
0.183817 0.858861 -0.853687
0.184816 0.858008 -0.854515
0.185815 0.857154 -0.855343
0.186814 0.856299 -0.856169
0.187813 0.855443 -0.856994
0.188812 0.854586 -0.857818
0.189811 0.853729 -0.858640
0.190810 0.852871 -0.859462
0.191809 0.852012 -0.860282
0.192808 0.851152 -0.861102
0.193807 0.850291 -0.861920
0.194806 0.849430 -0.862737
0.195805 0.848568 -0.863553
0.196804 0.847705 -0.864367
0.197803 0.846841 -0.865181
0.198802 0.845976 -0.865993
0.199801 0.845110 -0.866804
0.200800 0.844244 -0.867614
0.201799 0.843377 -0.868423
0.202798 0.842509 -0.869231
0.203797 0.841640 -0.870037
0.204796 0.840771 -0.870842
0.205795 0.839900 -0.871646
0.206794 0.839029 -0.872449
0.207793 0.838157 -0.873251
0.208792 0.837284 -0.874052
0.209791 0.836411 -0.874851
0.210790 0.835536 -0.875649
0.211789 0.834661 -0.876446
0.212788 0.833785 -0.877242
0.213787 0.832908 -0.878037
0.214786 0.832031 -0.878830
0.215785 0.831153 -0.879623
0.216784 0.830273 -0.880414
0.217783 0.829394 -0.881203
0.218782 0.828513 -0.881992
0.219781 0.827631 -0.882780
0.220780 0.826749 -0.883566
0.221779 0.825866 -0.884351
0.222778 0.824982 -0.885135
0.223777 0.824097 -0.885917
0.224776 0.823212 -0.886699
0.225775 0.822326 -0.887479
0.226774 0.821439 -0.888258
0.227773 0.820551 -0.889036
0.228772 0.819663 -0.889812
0.229771 0.818773 -0.890588
0.230770 0.817883 -0.891362
0.231769 0.816992 -0.892135
0.232768 0.816101 -0.892907
0.233767 0.815208 -0.893677
0.234766 0.814315 -0.894446
0.235765 0.813421 -0.895214
0.236764 0.812526 -0.895981
0.237763 0.811631 -0.896747
0.238762 0.810735 -0.897511
0.239761 0.809838 -0.898274
0.240760 0.808940 -0.899036
0.241759 0.808041 -0.899797
0.242758 0.807142 -0.900556
0.243757 0.806242 -0.901315
0.244756 0.805341 -0.902072
0.245755 0.804440 -0.902827
0.246754 0.803538 -0.903582
0.247753 0.802634 -0.904335
0.248752 0.801731 -0.905087
0.249751 0.800826 -0.905838
0.250750 0.799921 -0.906587
0.251749 0.799015 -0.907336
0.252748 0.798108 -0.908083
0.253747 0.797200 -0.908828
0.254746 0.796292 -0.909573
0.255745 0.795383 -0.910316
0.256744 0.794473 -0.911058
0.257743 0.793563 -0.911799
0.258742 0.792651 -0.912538
0.259741 0.791739 -0.913276
0.260740 0.790827 -0.914013
0.261739 0.789913 -0.914749
0.262738 0.788999 -0.915484
0.263737 0.788084 -0.916217
0.264736 0.787169 -0.916949
0.265735 0.786252 -0.917679
0.266734 0.785335 -0.918409
0.267733 0.784417 -0.919137
0.268732 0.783499 -0.919864
0.269731 0.782579 -0.920589
0.270730 0.781659 -0.921313
0.271729 0.780738 -0.922036
0.272728 0.779817 -0.922758
0.273727 0.778895 -0.923479
0.274726 0.777972 -0.924198
0.275725 0.777048 -0.924916
0.276724 0.776124 -0.925632
0.277723 0.775199 -0.926348
0.278722 0.774273 -0.927062
0.279721 0.773346 -0.927774
0.280720 0.772419 -0.928486
0.281719 0.771491 -0.929196
0.282718 0.770563 -0.929905
0.283717 0.769633 -0.930613
0.284716 0.768703 -0.931319
0.285715 0.767773 -0.932024
0.286714 0.766841 -0.932728
0.287713 0.765909 -0.933430
0.288712 0.764976 -0.934131
0.289711 0.764043 -0.934831
0.290710 0.763108 -0.935530
0.291709 0.762173 -0.936227
0.292708 0.761238 -0.936923
0.293707 0.760301 -0.937618
0.294706 0.759364 -0.938311
0.295705 0.758427 -0.939003
0.296704 0.757488 -0.939694
0.297703 0.756549 -0.940383
0.298702 0.755609 -0.941071
0.299701 0.754669 -0.941758
0.300700 0.753728 -0.942444
0.301699 0.752786 -0.943128
0.302698 0.751843 -0.943811
0.303697 0.750900 -0.944493
0.304696 0.749956 -0.945173
0.305695 0.749012 -0.945852
0.306694 0.748066 -0.946530
0.307693 0.747121 -0.947206
0.308692 0.746174 -0.947881
0.309691 0.745227 -0.948555
0.310690 0.744279 -0.949227
0.311689 0.743330 -0.949898
0.312688 0.742381 -0.950568
0.313687 0.741431 -0.951237
0.314686 0.740480 -0.951904
0.315685 0.739529 -0.952570
0.316684 0.738577 -0.953234
0.317683 0.737624 -0.953897
0.318682 0.736671 -0.954559
0.319681 0.735717 -0.955220
0.320680 0.734763 -0.955879
0.321679 0.733807 -0.956537
0.322678 0.732852 -0.957193
0.323677 0.731895 -0.957849
0.324676 0.730938 -0.958502
0.325675 0.729980 -0.959155
0.326674 0.729021 -0.959806
0.327673 0.728062 -0.960456
0.328672 0.727103 -0.961105
0.329671 0.726142 -0.961752
0.330670 0.725181 -0.962398
0.331669 0.724219 -0.963042
0.332668 0.723257 -0.963686
0.333667 0.722294 -0.964328
0.334666 0.721330 -0.964968
0.335665 0.720366 -0.965607
0.336664 0.719401 -0.966245
0.337663 0.718435 -0.966882
0.338662 0.717469 -0.967517
0.339661 0.716502 -0.968151
0.340660 0.715535 -0.968784
0.341659 0.714566 -0.969415
0.342658 0.713598 -0.970045
0.343657 0.712628 -0.970673
0.344656 0.711658 -0.971300
0.345655 0.710688 -0.971926
0.346654 0.709716 -0.972551
0.347653 0.708744 -0.973174
0.348652 0.707772 -0.973796
0.349651 0.706799 -0.974416
0.350650 0.705825 -0.975035
0.351649 0.704851 -0.975653
0.352648 0.703876 -0.976269
0.353647 0.702900 -0.976884
0.354646 0.701924 -0.977498
0.355645 0.700947 -0.978110
0.356644 0.699970 -0.978721
0.357643 0.698992 -0.979331
0.358642 0.698013 -0.979939
0.359641 0.697034 -0.980546
0.360640 0.696054 -0.981152
0.361639 0.695073 -0.981756
0.362638 0.694092 -0.982359
0.363637 0.693111 -0.982961
0.364636 0.692128 -0.983561
0.365635 0.691145 -0.984160
0.366634 0.690162 -0.984757
0.367633 0.689178 -0.985353
0.368632 0.688193 -0.985948
0.369631 0.687208 -0.986541
0.370630 0.686222 -0.987133
0.371629 0.685236 -0.987724
0.372628 0.684249 -0.988313
0.373627 0.683261 -0.988901
0.374626 0.682273 -0.989488
0.375625 0.681284 -0.990073
0.376624 0.680295 -0.990657
0.377623 0.679305 -0.991240
0.378622 0.678314 -0.991821
0.379621 0.677323 -0.992401
0.380620 0.676331 -0.992979
0.381619 0.675339 -0.993556
0.382618 0.674346 -0.994132
0.383617 0.673353 -0.994706
0.384616 0.672359 -0.995279
0.385615 0.671364 -0.995851
0.386614 0.670369 -0.996421
0.387613 0.669373 -0.996990
0.388612 0.668377 -0.997558
0.389611 0.667380 -0.998124
0.390610 0.666383 -0.998689
0.391609 0.665385 -0.999252
0.392608 0.664386 -0.999814
0.393607 0.663387 -1.000375
0.394606 0.662387 -1.000934
0.395605 0.661387 -1.001492
0.396604 0.660387 -1.002049
0.397603 0.659385 -1.002604
0.398602 0.658383 -1.003158
0.399601 0.657381 -1.003711
0.400600 0.656378 -1.004262
0.401599 0.655374 -1.004812
0.402598 0.654370 -1.005360
0.403597 0.653366 -1.005907
0.404596 0.652360 -1.006453
0.405595 0.651355 -1.006997
0.406594 0.650349 -1.007540
0.407593 0.649342 -1.008082
0.408592 0.648334 -1.008622
0.409591 0.647327 -1.009161
0.410590 0.646318 -1.009698
0.411589 0.645309 -1.010234
0.412588 0.644300 -1.010769
0.413587 0.643290 -1.011303
0.414586 0.642279 -1.011835
0.415585 0.641268 -1.012365
0.416584 0.640257 -1.012895
0.417583 0.639244 -1.013423
0.418582 0.638232 -1.013949
0.419581 0.637219 -1.014475
0.420580 0.636205 -1.014998
0.421579 0.635191 -1.015521
0.422578 0.634176 -1.016042
0.423577 0.633161 -1.016562
0.424576 0.632145 -1.017080
0.425575 0.631128 -1.017597
0.426574 0.630112 -1.018113
0.427573 0.629094 -1.018627
0.428572 0.628076 -1.019140
0.429571 0.627058 -1.019651
0.430570 0.626039 -1.020161
0.431569 0.625020 -1.020670
0.432568 0.624000 -1.021178
0.433567 0.622979 -1.021684
0.434566 0.621958 -1.022188
0.435565 0.620937 -1.022692
0.436564 0.619915 -1.023194
0.437563 0.618893 -1.023694
0.438562 0.617870 -1.024193
0.439561 0.616846 -1.024691
0.440560 0.615822 -1.025188
0.441559 0.614798 -1.025683
0.442558 0.613773 -1.026177
0.443557 0.612748 -1.026669
0.444556 0.611722 -1.027160
0.445555 0.610695 -1.027650
0.446554 0.609669 -1.028138
0.447553 0.608641 -1.028625
0.448552 0.607613 -1.029110
0.449551 0.606585 -1.029595
0.450550 0.605556 -1.030077
0.451549 0.604527 -1.030559
0.452548 0.603497 -1.031039
0.453547 0.602467 -1.031518
0.454546 0.601436 -1.031995
0.455545 0.600405 -1.032471
0.456544 0.599373 -1.032946
0.457543 0.598341 -1.033419
0.458542 0.597308 -1.033891
0.459541 0.596275 -1.034362
0.460540 0.595242 -1.034831
0.461539 0.594208 -1.035299
0.462538 0.593173 -1.035765
0.463537 0.592138 -1.036230
0.464536 0.591103 -1.036694
0.465535 0.590067 -1.037156
0.466534 0.589031 -1.037618
0.467533 0.587994 -1.038077
0.468532 0.586957 -1.038536
0.469531 0.585919 -1.038993
0.470530 0.584881 -1.039448
0.471529 0.583842 -1.039902
0.472528 0.582803 -1.040355
0.473527 0.581763 -1.040807
0.474526 0.580723 -1.041257
0.475525 0.579683 -1.041706
0.476524 0.578642 -1.042153
0.477523 0.577601 -1.042599
0.478522 0.576559 -1.043044
0.479521 0.575517 -1.043488
0.480520 0.574474 -1.043930
0.481519 0.573431 -1.044370
0.482518 0.572387 -1.044810
0.483517 0.571343 -1.045248
0.484516 0.570299 -1.045684
0.485515 0.569254 -1.046120
0.486514 0.568209 -1.046554
0.487513 0.567163 -1.046986
0.488512 0.566117 -1.047418
0.489511 0.565070 -1.047848
0.490510 0.564023 -1.048276
0.491509 0.562976 -1.048703
0.492508 0.561928 -1.049129
0.493507 0.560880 -1.049554
0.494506 0.559831 -1.049977
0.495505 0.558782 -1.050399
0.496504 0.557732 -1.050819
0.497503 0.556682 -1.051238
0.498502 0.555632 -1.051656
0.499501 0.554581 -1.052073
0.500500 0.553530 -1.052488
0.501499 0.552478 -1.052902
0.502498 0.551426 -1.053314
0.503497 0.550374 -1.053725
0.504496 0.549321 -1.054135
0.505495 0.548268 -1.054543
0.506494 0.547214 -1.054950
0.507493 0.546160 -1.055356
0.508492 0.545105 -1.055761
0.509491 0.544050 -1.056164
0.510490 0.542995 -1.056565
0.511489 0.541939 -1.056966
0.512488 0.540883 -1.057365
0.513487 0.539827 -1.057763
0.514486 0.538770 -1.058159
0.515485 0.537712 -1.058554
0.516484 0.536655 -1.058948
0.517483 0.535597 -1.059340
0.518482 0.534538 -1.059731
0.519481 0.533479 -1.060121
0.520480 0.532420 -1.060510
0.521479 0.531360 -1.060897
0.522478 0.530300 -1.061283
0.523477 0.529240 -1.061667
0.524476 0.528179 -1.062050
0.525475 0.527118 -1.062432
0.526474 0.526056 -1.062813
0.527473 0.524995 -1.063192
0.528472 0.523932 -1.063570
0.529471 0.522870 -1.063946
0.530470 0.521806 -1.064322
0.531469 0.520743 -1.064696
0.532468 0.519679 -1.065068
0.533467 0.518615 -1.065440
0.534466 0.517550 -1.065810
0.535465 0.516486 -1.066178
0.536464 0.515420 -1.066546
0.537463 0.514355 -1.066912
0.538462 0.513288 -1.067277
0.539461 0.512222 -1.067640
0.540460 0.511155 -1.068002
0.541459 0.510088 -1.068363
0.542458 0.509021 -1.068723
0.543457 0.507953 -1.069081
0.544456 0.506885 -1.069438
0.545455 0.505816 -1.069793
0.546454 0.504747 -1.070148
0.547453 0.503678 -1.070501
0.548452 0.502609 -1.070852
0.549451 0.501539 -1.071203
0.550450 0.500468 -1.071552
0.551449 0.499398 -1.071900
0.552448 0.498327 -1.072246
0.553447 0.497255 -1.072592
0.554446 0.496184 -1.072935
0.555445 0.495112 -1.073278
0.556444 0.494039 -1.073619
0.557443 0.492966 -1.073960
0.558442 0.491893 -1.074298
0.559441 0.490820 -1.074636
0.560440 0.489746 -1.074972
0.561439 0.488672 -1.075307
0.562438 0.487598 -1.075641
0.563437 0.486523 -1.075973
0.564436 0.485448 -1.076304
0.565435 0.484373 -1.076634
0.566434 0.483297 -1.076962
0.567433 0.482221 -1.077290
0.568432 0.481145 -1.077616
0.569431 0.480068 -1.077940
0.570430 0.478991 -1.078264
0.571429 0.477913 -1.078586
0.572428 0.476836 -1.078907
0.573427 0.475758 -1.079227
0.574426 0.474679 -1.079545
0.575425 0.473601 -1.079862
0.576424 0.472522 -1.080178
0.577423 0.471443 -1.080492
0.578422 0.470363 -1.080806
0.579421 0.469283 -1.081118
0.580420 0.468203 -1.081429
0.581419 0.467122 -1.081738
0.582418 0.466042 -1.082047
0.583417 0.464961 -1.082353
0.584416 0.463879 -1.082659
0.585415 0.462797 -1.082964
0.586414 0.461715 -1.083267
0.587413 0.460633 -1.083569
0.588412 0.459550 -1.083870
0.589411 0.458467 -1.084169
0.590410 0.457384 -1.084468
0.591409 0.456301 -1.084765
0.592408 0.455217 -1.085060
0.593407 0.454133 -1.085355
0.594406 0.453048 -1.085648
0.595405 0.451964 -1.085940
0.596404 0.450879 -1.086231
0.597403 0.449793 -1.086521
0.598402 0.448708 -1.086809
0.599401 0.447622 -1.087096
0.600400 0.446536 -1.087382
0.601399 0.445449 -1.087667
0.602398 0.444363 -1.087950
0.603397 0.443276 -1.088232
0.604396 0.442188 -1.088513
0.605395 0.441101 -1.088793
0.606394 0.440013 -1.089072
0.607393 0.438925 -1.089349
0.608392 0.437836 -1.089625
0.609391 0.436748 -1.089900
0.610390 0.435659 -1.090174
0.611389 0.434570 -1.090446
0.612388 0.433480 -1.090717
0.613387 0.432390 -1.090987
0.614386 0.431300 -1.091256
0.615385 0.430210 -1.091524
0.616384 0.429119 -1.091790
0.617383 0.428029 -1.092056
0.618382 0.426938 -1.092320
0.619381 0.425846 -1.092582
0.620380 0.424755 -1.092844
0.621379 0.423663 -1.093105
0.622378 0.422571 -1.093364
0.623377 0.421478 -1.093622
0.624376 0.420385 -1.093879
0.625375 0.419293 -1.094135
0.626374 0.418199 -1.094389
0.627373 0.417106 -1.094642
0.628372 0.416012 -1.094895
0.629371 0.414918 -1.095145
0.630370 0.413824 -1.095395
0.631369 0.412730 -1.095644
0.632368 0.411635 -1.095891
0.633367 0.410540 -1.096137
0.634366 0.409445 -1.096382
0.635365 0.408350 -1.096626
0.636364 0.407254 -1.096869
0.637363 0.406158 -1.097110
0.638362 0.405062 -1.097351
0.639361 0.403966 -1.097590
0.640360 0.402869 -1.097828
0.641359 0.401772 -1.098065
0.642358 0.400675 -1.098300
0.643357 0.399578 -1.098535
0.644356 0.398480 -1.098768
0.645355 0.397382 -1.099001
0.646354 0.396284 -1.099232
0.647353 0.395186 -1.099462
0.648352 0.394088 -1.099690
0.649351 0.392989 -1.099918
0.650350 0.391890 -1.100144
0.651349 0.390791 -1.100370
0.652348 0.389691 -1.100594
0.653347 0.388592 -1.100817
0.654346 0.387492 -1.101039
0.655345 0.386392 -1.101260
0.656344 0.385292 -1.101479
0.657343 0.384191 -1.101698
0.658342 0.383090 -1.101915
0.659341 0.381990 -1.102132
0.660340 0.380888 -1.102347
0.661339 0.379787 -1.102561
0.662338 0.378686 -1.102774
0.663337 0.377584 -1.102986
0.664336 0.376482 -1.103196
0.665335 0.375380 -1.103406
0.666334 0.374277 -1.103614
0.667333 0.373175 -1.103822
0.668332 0.372072 -1.104028
0.669331 0.370969 -1.104233
0.670330 0.369865 -1.104437
0.671329 0.368762 -1.104640
0.672328 0.367658 -1.104842
0.673327 0.366555 -1.105042
0.674326 0.365451 -1.105242
0.675325 0.364346 -1.105440
0.676324 0.363242 -1.105638
0.677323 0.362137 -1.105834
0.678322 0.361032 -1.106030
0.679321 0.359927 -1.106224
0.680320 0.358822 -1.106417
0.681319 0.357717 -1.106609
0.682318 0.356611 -1.106800
0.683317 0.355505 -1.106990
0.684316 0.354399 -1.107179
0.685315 0.353293 -1.107366
0.686314 0.352187 -1.107553
0.687313 0.351080 -1.107739
0.688312 0.349974 -1.107923
0.689311 0.348867 -1.108107
0.690310 0.347760 -1.108289
0.691309 0.346652 -1.108470
0.692308 0.345545 -1.108651
0.693307 0.344437 -1.108830
0.694306 0.343329 -1.109008
0.695305 0.342221 -1.109185
0.696304 0.341113 -1.109361
0.697303 0.340005 -1.109536
0.698302 0.338896 -1.109710
0.699301 0.337788 -1.109883
0.700300 0.336679 -1.110055
0.701299 0.335570 -1.110226
0.702298 0.334461 -1.110396
0.703297 0.333351 -1.110565
0.704296 0.332242 -1.110732
0.705295 0.331132 -1.110899
0.706294 0.330022 -1.111065
0.707293 0.328912 -1.111230
0.708292 0.327802 -1.111393
0.709291 0.326692 -1.111556
0.710290 0.325581 -1.111718
0.711289 0.324470 -1.111878
0.712288 0.323359 -1.112038
0.713287 0.322248 -1.112197
0.714286 0.321137 -1.112354
0.715285 0.320026 -1.112511
0.716284 0.318915 -1.112666
0.717283 0.317803 -1.112821
0.718282 0.316691 -1.112975
0.719281 0.315579 -1.113127
0.720280 0.314467 -1.113279
0.721279 0.313355 -1.113430
0.722278 0.312242 -1.113580
0.723277 0.311130 -1.113728
0.724276 0.310017 -1.113876
0.725275 0.308904 -1.114023
0.726274 0.307791 -1.114168
0.727273 0.306678 -1.114313
0.728272 0.305565 -1.114457
0.729271 0.304452 -1.114600
0.730270 0.303338 -1.114742
0.731269 0.302224 -1.114883
0.732268 0.301110 -1.115023
0.733267 0.299996 -1.115162
0.734266 0.298882 -1.115300
0.735265 0.297768 -1.115437
0.736264 0.296654 -1.115573
0.737263 0.295539 -1.115708
0.738262 0.294425 -1.115843
0.739261 0.293310 -1.115976
0.740260 0.292195 -1.116108
0.741259 0.291080 -1.116240
0.742258 0.289965 -1.116370
0.743257 0.288849 -1.116500
0.744256 0.287734 -1.116629
0.745255 0.286618 -1.116757
0.746254 0.285502 -1.116883
0.747253 0.284387 -1.117009
0.748252 0.283271 -1.117134
0.749251 0.282155 -1.117258
0.750250 0.281038 -1.117382
0.751249 0.279922 -1.117504
0.752248 0.278806 -1.117625
0.753247 0.277689 -1.117746
0.754246 0.276572 -1.117865
0.755245 0.275456 -1.117984
0.756244 0.274339 -1.118102
0.757243 0.273222 -1.118219
0.758242 0.272104 -1.118335
0.759241 0.270987 -1.118450
0.760240 0.269870 -1.118564
0.761239 0.268752 -1.118677
0.762238 0.267635 -1.118790
0.763237 0.266517 -1.118901
0.764236 0.265399 -1.119012
0.765235 0.264281 -1.119122
0.766234 0.263163 -1.119231
0.767233 0.262045 -1.119339
0.768232 0.260927 -1.119446
0.769231 0.259808 -1.119553
0.770230 0.258690 -1.119658
0.771229 0.257571 -1.119763
0.772228 0.256453 -1.119867
0.773227 0.255334 -1.119970
0.774226 0.254215 -1.120072
0.775225 0.253096 -1.120173
0.776224 0.251977 -1.120274
0.777223 0.250858 -1.120373
0.778222 0.249738 -1.120472
0.779221 0.248619 -1.120570
0.780220 0.247499 -1.120667
0.781219 0.246380 -1.120764
0.782218 0.245260 -1.120859
0.783217 0.244140 -1.120954
0.784216 0.243020 -1.121047
0.785215 0.241900 -1.121141
0.786214 0.240780 -1.121233
0.787213 0.239660 -1.121324
0.788212 0.238540 -1.121415
0.789211 0.237420 -1.121505
0.790210 0.236299 -1.121594
0.791209 0.235179 -1.121682
0.792208 0.234058 -1.121770
0.793207 0.232937 -1.121856
0.794206 0.231817 -1.121942
0.795205 0.230696 -1.122027
0.796204 0.229575 -1.122112
0.797203 0.228454 -1.122195
0.798202 0.227333 -1.122278
0.799201 0.226211 -1.122360
0.800200 0.225090 -1.122441
0.801199 0.223969 -1.122522
0.802198 0.222847 -1.122602
0.803197 0.221726 -1.122681
0.804196 0.220604 -1.122759
0.805195 0.219482 -1.122836
0.806194 0.218361 -1.122913
0.807193 0.217239 -1.122989
0.808192 0.216117 -1.123064
0.809191 0.214995 -1.123139
0.810190 0.213873 -1.123213
0.811189 0.212751 -1.123286
0.812188 0.211629 -1.123358
0.813187 0.210506 -1.123430
0.814186 0.209384 -1.123501
0.815185 0.208262 -1.123571
0.816184 0.207139 -1.123640
0.817183 0.206017 -1.123709
0.818182 0.204894 -1.123777
0.819181 0.203771 -1.123844
0.820180 0.202649 -1.123911
0.821179 0.201526 -1.123977
0.822178 0.200403 -1.124042
0.823177 0.199280 -1.124107
0.824176 0.198157 -1.124170
0.825175 0.197034 -1.124233
0.826174 0.195911 -1.124296
0.827173 0.194787 -1.124358
0.828172 0.193664 -1.124419
0.829171 0.192541 -1.124479
0.830170 0.191417 -1.124539
0.831169 0.190294 -1.124598
0.832168 0.189171 -1.124657
0.833167 0.188047 -1.124714
0.834166 0.186923 -1.124771
0.835165 0.185800 -1.124828
0.836164 0.184676 -1.124884
0.837163 0.183552 -1.124939
0.838162 0.182428 -1.124993
0.839161 0.181304 -1.125047
0.840160 0.180180 -1.125101
0.841159 0.179056 -1.125153
0.842158 0.177932 -1.125205
0.843157 0.176808 -1.125257
0.844156 0.175684 -1.125307
0.845155 0.174560 -1.125358
0.846154 0.173436 -1.125407
0.847153 0.172311 -1.125456
0.848152 0.171187 -1.125504
0.849151 0.170063 -1.125552
0.850150 0.168938 -1.125599
0.851149 0.167814 -1.125645
0.852148 0.166689 -1.125691
0.853147 0.165565 -1.125737
0.854146 0.164440 -1.125781
0.855145 0.163315 -1.125825
0.856144 0.162190 -1.125869
0.857143 0.161066 -1.125912
0.858142 0.159941 -1.125954
0.859141 0.158816 -1.125996
0.860140 0.157691 -1.126037
0.861139 0.156566 -1.126078
0.862138 0.155441 -1.126118
0.863137 0.154316 -1.126158
0.864136 0.153191 -1.126197
0.865135 0.152066 -1.126235
0.866134 0.150941 -1.126273
0.867133 0.149816 -1.126311
0.868132 0.148691 -1.126348
0.869131 0.147565 -1.126384
0.870130 0.146440 -1.126420
0.871129 0.145315 -1.126455
0.872128 0.144189 -1.126490
0.873127 0.143064 -1.126524
0.874126 0.141939 -1.126558
0.875125 0.140813 -1.126591
0.876124 0.139688 -1.126623
0.877123 0.138562 -1.126656
0.878122 0.137437 -1.126687
0.879121 0.136311 -1.126719
0.880120 0.135185 -1.126749
0.881119 0.134060 -1.126779
0.882118 0.132934 -1.126809
0.883117 0.131808 -1.126838
0.884116 0.130683 -1.126867
0.885115 0.129557 -1.126895
0.886114 0.128431 -1.126923
0.887113 0.127305 -1.126950
0.888112 0.126180 -1.126977
0.889111 0.125054 -1.127003
0.890110 0.123928 -1.127029
0.891109 0.122802 -1.127055
0.892108 0.121676 -1.127080
0.893107 0.120550 -1.127105
0.894106 0.119424 -1.127129
0.895105 0.118298 -1.127152
0.896104 0.117172 -1.127176
0.897103 0.116046 -1.127199
0.898102 0.114920 -1.127221
0.899101 0.113794 -1.127243
0.900100 0.112668 -1.127264
0.901099 0.111541 -1.127286
0.902098 0.110415 -1.127306
0.903097 0.109289 -1.127327
0.904096 0.108163 -1.127347
0.905095 0.107037 -1.127366
0.906094 0.105910 -1.127385
0.907093 0.104784 -1.127404
0.908092 0.103658 -1.127422
0.909091 0.102532 -1.127440
0.910090 0.101405 -1.127458
0.911089 0.100279 -1.127475
0.912088 0.099153 -1.127492
0.913087 0.098026 -1.127509
0.914086 0.096900 -1.127525
0.915085 0.095773 -1.127540
0.916084 0.094647 -1.127556
0.917083 0.093520 -1.127571
0.918082 0.092394 -1.127585
0.919081 0.091268 -1.127600
0.920080 0.090141 -1.127614
0.921079 0.089015 -1.127627
0.922078 0.087888 -1.127641
0.923077 0.086762 -1.127654
0.924076 0.085635 -1.127666
0.925075 0.084508 -1.127679
0.926074 0.083382 -1.127691
0.927073 0.082255 -1.127702
0.928072 0.081129 -1.127714
0.929071 0.080002 -1.127725
0.930070 0.078876 -1.127736
0.931069 0.077749 -1.127746
0.932068 0.076622 -1.127756
0.933067 0.075496 -1.127766
0.934066 0.074369 -1.127776
0.935065 0.073242 -1.127785
0.936064 0.072116 -1.127794
0.937063 0.070989 -1.127803
0.938062 0.069862 -1.127811
0.939061 0.068736 -1.127820
0.940060 0.067609 -1.127828
0.941059 0.066482 -1.127835
0.942058 0.065356 -1.127843
0.943057 0.064229 -1.127850
0.944056 0.063102 -1.127857
0.945055 0.061975 -1.127864
0.946054 0.060849 -1.127871
0.947053 0.059722 -1.127877
0.948052 0.058595 -1.127883
0.949051 0.057468 -1.127889
0.950050 0.056342 -1.127894
0.951049 0.055215 -1.127900
0.952048 0.054088 -1.127905
0.953047 0.052961 -1.127910
0.954046 0.051835 -1.127915
0.955045 0.050708 -1.127919
0.956044 0.049581 -1.127924
0.957043 0.048454 -1.127928
0.958042 0.047327 -1.127932
0.959041 0.046201 -1.127936
0.960040 0.045074 -1.127939
0.961039 0.043947 -1.127943
0.962038 0.042820 -1.127946
0.963037 0.041693 -1.127949
0.964036 0.040566 -1.127952
0.965035 0.039440 -1.127955
0.966034 0.038313 -1.127957
0.967033 0.037186 -1.127960
0.968032 0.036059 -1.127962
0.969031 0.034932 -1.127964
0.970030 0.033805 -1.127966
0.971029 0.032679 -1.127968
0.972028 0.031552 -1.127970
0.973027 0.030425 -1.127972
0.974026 0.029298 -1.127973
0.975025 0.028171 -1.127975
0.976024 0.027044 -1.127976
0.977023 0.025918 -1.127977
0.978022 0.024791 -1.127978
0.979021 0.023664 -1.127979
0.980020 0.022537 -1.127980
0.981019 0.021410 -1.127981
0.982018 0.020283 -1.127982
0.983017 0.019156 -1.127982
0.984016 0.018030 -1.127983
0.985015 0.016903 -1.127984
0.986014 0.015776 -1.127984
0.987013 0.014649 -1.127984
0.988012 0.013522 -1.127985
0.989011 0.012395 -1.127985
0.990010 0.011268 -1.127985
0.991009 0.010142 -1.127985
0.992008 0.009015 -1.127986
0.993007 0.007888 -1.127986
0.994006 0.006761 -1.127986
0.995005 0.005634 -1.127986
0.996004 0.004507 -1.127986
0.997003 0.003380 -1.127986
0.998002 0.002254 -1.127986
0.999001 0.001127 -1.127986
1.000000 -0.000000 -1.127986
